96 408674.10977 

927 951 674 205 103 33 926 
992 24 
400 
7 566 43 313 970 
633 450 34 723 
826 398 459 968 
517 74 363 874 731 233 958 672 768 260 401 486 690 
311 217 324 8 807 277 524 910 1 936 72 460 
709 621 575 851 
51 781 643 403 
767 142 1000 175 908 22 287 96 470 371 982 570 322 726 
818 312 748 742 823 469 930 988 993 645 421 902 19 100 995 688 879 193 
17 724 301 784 862 308 255 551 340 140 417 46 
251 160 937 496 120 359 348 619 
904 28 156 964 
663 700 
360 91 
304 845 615 307 381 139 822 869 587 642 601 880 980 309 703 157 782 12 972 185 
787 553 751 274 198 646 429 558 
481 416 685 973 518 537 931 329 693 691 315 105 133 495 600 843 332 831 802 
894 515 298 592 159 865 
240 656 138 913 128 
281 144 466 746 25 197 835 229 276 609 335 689 119 
866 819 721 172 546 
960 498 758 29 70 432 83 
772 497 
405 180 321 20 239 171 455 841 861 673 132 661 
436 741 2 920 847 833 664 554 62 550 747 899 
305 832 127 145 241 79 151 555 
870 884 169 636 326 568 810 676 941 797 715 543 530 457 294 935 506 99 574 394 410 92 339 895 921 
201 155 323 692 227 482 520 299 247 749 804 
876 220 539 328 752 628 925 586 366 966 32 704 318 905 461 924 624 397 111 
27 50 342 596 885 563 653 125 411 526 415 
532 26 390 249 977 561 780 
859 490 521 594 675 446 950 331 571 399 938 121 
134 770 292 
817 786 462 640 418 572 266 343 816 687 942 
190 947 31 137 827 898 372 632 333 
49 211 892 582 986 512 431 56 473 58 651 392 
355 75 102 489 783 739 812 593 634 946 
545 821 840 194 
362 839 917 668 860 705 858 740 815 606 358 357 
354 463 
63 88 55 95 598 848 104 712 409 4 39 
273 670 732 699 385 
710 404 630 798 179 702 962 949 84 658 290 
441 235 131 729 873 195 701 336 110 337 969 708 263 122 288 108 320 196 
849 952 165 380 183 953 
123 775 912 
352 297 828 999 939 773 3 948 213 200 485 
852 844 57 167 682 504 242 452 809 456 856 231 829 41 454 616 112 232 
903 16 267 377 364 990 278 223 846 901 282 813 637 665 219 
414 383 625 585 639 499 468 897 491 
256 591 875 736 963 552 965 345 896 
564 23 998 365 150 351 361 209 
525 800 528 776 716 576 170 599 890 
923 830 915 774 262 680 443 
21 118 44 943 
657 10 987 975 376 
612 743 373 733 
487 811 
395 60 756 
117 579 888 474 824 
684 
252 272 386 293 695 101 261 59 149 344 735 115 53 317 
176 126 90 590 911 744 387 246 
244 451 838 437 605 484 124 248 476 647 5 161 199 425 458 834 94 73 438 296 269 178 757 795 
407 349 6 542 976 87 610 427 745 214 527 368 406 765 
991 477 660 706 538 760 189 562 86 478 595 790 
93 114 346 402 65 803 152 64 854 678 738 494 711 181 430 907 369 384 284 338 
727 771 607 597 631 722 192 
779 556 659 66 341 81 428 707 516 188 698 173 649 184 718 662 250 
464 581 327 107 679 906 878 534 853 37 886 440 148 475 154 509 785 106 218 957 
393 508 11 334 449 737 243 728 382 569 655 934 863 130 295 766 
230 792 967 909 216 544 755 588 472 883 210 567 245 191 956 650 
864 314 513 237 166 202 187 730 759 423 893 270 109 
265 347 208 
533 264 325 391 236 620 654 435 186 54 259 836 
922 868 933 258 626 507 734 129 257 78 
955 82 900 635 40 887 18 408 45 945 805 286 319 76 280 505 622 182 623 
584 14 77 367 627 424 89 493 889 696 511 30 918 177 842 433 221 
778 523 638 445 583 641 978 283 608 
356 80 614 559 979 
38 300 52 285 215 375 426 814 762 603 713 971 483 560 492 303 777 548 683 35 519 985 36 
271 974 146 71 253 330 719 671 681 289 164 480 761 378 442 697 168 13 113 
370 225 855 932 837 549 448 419 589 617 279 9 61 666 141 
116 374 984 613 791 618 203 97 857 254 510 717 882 163 
867 825 353 794 577 98 928 669 
47 694 306 881 204 422 535 914 488 750 580 
644 916 479 788 981 174 310 212 919 677 207 
147 996 268 465 439 796 769 557 997 48 
228 720 238 15 503 434 
871 929 234 206 501 453 763 578 944 686 753 754 808 500 388 961 959 789 652 42 413 940 799 714 872 420 536 153 
547 850 467 224 67 541 801 302 
989 983 389 540 565 667 222 502 69 529 648 820 
793 275 143 162 316 135 350 629 725 602 806 514 68 764 954 471 891 573 522 85 379 412 604 444 136 226 447 611 877 291 158 396 531 994 
