132 535337 

226 300 482 187 776 547 692 491 706 515 712 302 970 427 514 572 122 559 682 955 494 
121 872 
709 36 326 486 9 679 479 
328 374 259 400 25 566 853 950 457 
236 833 550 291 
264 162 129 433 
531 988 643 602 154 322 297 88 724 470 232 521 449 
908 324 
128 171 981 41 619 
740 849 533 81 931 224 877 973 106 548 435 441 256 589 910 
392 388 654 268 383 526 530 114 316 52 152 
361 439 310 854 16 678 875 1 852 861 733 45 184 971 
555 677 
825 
689 890 730 957 591 90 603 246 35 
982 541 791 516 349 
655 137 912 
691 485 590 169 551 344 964 
770 362 161 882 84 
239 346 920 155 963 269 
763 193 
888 492 204 937 672 779 977 
885 86 
186 422 528 876 
580 369 92 58 175 792 148 990 455 
113 284 587 926 272 404 73 134 51 737 
905 75 502 
214 873 443 748 864 225 
656 625 250 509 
447 143 641 118 347 254 
280 995 465 838 418 665 
601 67 299 767 37 315 668 33 501 768 68 
142 399 77 367 743 713 594 
227 348 975 646 609 125 546 837 867 966 406 160 64 697 466 144 27 
450 463 251 858 604 452 659 759 606 762 705 4 761 869 635 
726 928 271 343 500 123 958 345 807 753 499 583 903 304 26 902 22 
359 425 991 
671 513 296 
476 100 483 537 954 50 611 489 
436 780 32 411 
874 755 244 949 715 783 962 330 976 
887 598 636 895 34 
778 373 658 260 247 385 694 233 313 752 960 943 387 165 535 301 386 
506 
921 205 524 884 
350 775 190 819 803 131 
969 157 405 477 
229 685 243 198 561 
298 599 
628 777 520 840 735 170 179 813 578 266 522 454 444 320 238 248 389 
497 
919 814 846 24 916 464 275 746 703 
110 339 621 207 153 
870 292 795 708 568 
836 307 667 196 228 751 282 416 139 
382 59 151 821 586 868 138 512 640 764 835 993 
889 774 
859 739 327 60 
360 149 218 812 445 575 984 319 262 952 
279 
745 584 11 688 986 608 704 663 365 334 585 267 308 6 788 188 
627 866 983 333 829 172 
865 932 532 729 722 699 393 505 687 98 437 312 
5 303 612 413 802 634 423 804 366 448 822 929 318 285 683 944 626 886 407 741 496 565 765 696 607 
824 156 898 
925 185 579 213 283 
669 860 111 469 
409 338 72 
234 883 719 917 793 
263 786 415 723 
653 556 569 996 610 647 
664 570 287 107 707 235 158 446 
766 43 563 168 
146 163 352 
116 823 953 
637 363 273 197 951 56 989 855 379 164 615 40 277 336 828 182 109 453 968 335 539 
863 564 206 429 221 
390 117 
593 900 451 808 681 194 997 364 674 241 166 222 728 281 378 28 
577 136 341 617 
832 702 979 588 782 278 375 605 781 8 357 61 356 7 
475 816 63 
13 133 202 736 504 
924 879 380 600 159 510 856 994 666 
76 844 468 901 381 727 99 420 495 96 650 
817 354 115 922 44 899 785 693 461 253 79 
818 731 95 907 662 
358 757 
101 965 119 
39 74 534 992 810 574 306 18 242 918 424 771 613 632 201 
675 645 
738 857 644 695 633 
141 428 
286 130 845 
940 376 503 999 980 862 839 481 
17 173 
15 700 558 412 191 649 
317 49 305 518 673 
714 542 124 30 631 410 414 
614 936 941 78 384 150 554 
790 747 787 355 732 742 529 211 478 652 915 309 620 293 240 192 881 
749 642 223 66 
176 126 831 878 368 42 434 93 395 426 295 249 
974 987 985 261 
311 798 508 108 956 140 
595 417 815 942 203 913 487 371 
799 342 880 571 265 686 716 
46 639 897 456 440 408 711 
848 826 372 750 189 421 
809 946 230 
394 
178 827 820 896 721 661 830 801 
70 701 581 55 597 94 576 97 57 717 183 842 431 630 
797 629 773 430 103 54 511 472 523 935 909 648 
657 458 397 38 967 
442 180 651 557 231 545 135 
14 670 288 208 332 894 91 934 573 758 784 85 841 
132 3 484 105 459 
480 471 258 53 321 402 47 725 
961 947 772 948 212 498 199 847 938 289 933 391 
270 353 147 680 998 403 83 467 2 474 276 377 462 
274 401 10 891 806 710 676 
87 805 560 398 120 195 660 789 800 
237 538 219 638 525 978 69 71 
252 718 438 257 29 760 323 181 112 12 
255 914 329 210 769 582 220 245 734 756 794 
517 544 314 145 834 624 592 904 553 488 623 549 31 811 923 396 460 618 945 127 167 217 892 
930 684 473 536 19 174 21 552 720 23 102 370 939 744 89 290 911 
325 527 567 796 20 851 698 490 927 519 596 331 
507 65 351 893 959 543 104 209 690 200 294 906 432 622 871 419 177 
62 215 340 754 80 843 972 493 540 337 82 
562 850 48 616 216 
