21 52703.99514 

14 116 77 144 17 
6 126 
52 40 147 37 55 84 120 119 111 
30 64 80 145 28 
19 97 100 75 139 102 
2 10 148 15 56 104 71 
135 91 136 103 
59 101 5 
66 63 87 
137 118 16 89 131 142 
123 20 96 35 122 108 
124 146 105 38 68 
150 117 22 21 51 
88 82 107 
27 18 47 44 31 
93 114 11 149 
50 45 134 60 76 58 1 29 36 127 130 140 46 128 83 78 13 113 141 
26 74 143 65 81 133 98 95 24 85 112 121 94 54 132 48 115 53 
32 62 61 9 106 90 43 86 109 
23 57 110 41 3 138 8 70 39 4 72 
49 25 12 7 125 129 42 34 33 99 92 69 67 73 79 
