27 84447.91977 

203 64 30 189 
81 38 171 16 212 174 91 249 247 
21 245 142 239 219 231 108 232 121 132 
162 56 213 188 131 172 112 236 129 209 42 
107 134 147 75 19 152 97 80 28 241 73 151 
18 139 120 173 
235 233 150 117 170 123 26 133 210 
216 89 23 41 223 125 7 199 
144 17 238 2 
11 87 66 155 227 146 
215 148 49 220 12 32 62 9 
180 195 198 175 22 96 
20 27 45 204 145 166 
52 135 143 
14 65 161 40 77 116 
63 47 102 157 229 197 
244 234 206 
126 93 176 59 149 
101 230 
169 85 237 119 111 90 109 246 
60 160 100 243 50 137 31 118 34 94 54 214 
44 190 74 68 127 177 193 103 205 33 159 
228 240 51 82 10 200 104 164 61 140 46 128 185 78 13 113 141 
114 242 57 165 167 110 35 183 122 98 24 217 58 194 29 202 70 184 99 187 186 92 79 156 168 182 
37 1 72 208 106 69 43 158 196 48 218 
201 105 179 84 3 76 39 4 181 191 36 222 226 136 207 192 224 67 
124 248 5 6 225 88 71 25 15 55 95 211 138 8 154 163 130 86 250 83 178 221 115 53 153 
