36 110543.57925 

264 300 175 274 57 96 142 287 172 129 209 236 42 232 205 
68 267 298 81 315 201 26 105 55 213 58 194 265 
304 14 297 253 56 15 104 3 262 49 
316 91 331 226 
329 245 170 150 345 219 180 239 337 183 167 336 223 282 198 
116 27 311 17 276 268 335 102 12 
227 301 341 66 133 210 16 242 195 41 165 
114 188 20 171 321 118 190 125 266 7 199 
45 134 286 18 
197 229 279 119 348 
97 243 100 19 
71 107 281 2 
169 137 312 75 139 147 251 64 
206 44 212 310 22 35 200 290 24 
124 314 248 293 
350 135 52 
235 5 261 344 272 
240 271 87 11 93 
244 349 101 
230 252 
176 
117 174 343 80 189 214 296 269 338 178 109 
6 144 256 237 85 33 192 159 103 69 322 48 
162 216 215 260 181 36 332 
25 220 76 277 8 247 34 185 86 
126 59 275 161 60 334 40 225 82 10 211 179 330 324 154 208 106 83 218 78 13 113 141 
325 38 326 74 21 23 131 112 191 
309 157 37 217 249 207 136 222 224 
323 51 278 288 320 110 122 108 263 121 283 46 140 128 257 
318 9 62 32 30 61 280 255 163 43 90 
238 155 146 233 231 303 138 182 168 
143 63 327 308 47 89 123 98 70 29 1 
328 254 31 204 340 120 111 130 295 196 132 186 259 94 54 158 
234 346 305 203 160 319 152 307 306 166 28 145 333 241 187 294 99 92 339 67 291 284 250 270 
148 88 95 289 164 84 347 173 292 4 72 313 73 
273 65 228 149 285 77 342 50 258 39 202 299 184 127 177 193 151 79 156 221 302 246 153 53 317 115 
